%YAML:1.0
---
image_width: 640
image_height: 480
camera_matrix: !!opencv-matrix
  rows: 3
  cols: 3
  dt: d
  data: [384.248966, 0.000000, 338.012206, 0.000000, 384.906345, 219.896822, 0.000000, 0.000000, 1.000000]
distortion_coefficients: !!opencv-matrix
  rows: 1
  cols: 5
  dt: d
  data: [-0.050133, -0.004713, 0.002971, -0.002515, 0.000000]
