%YAML:1.0
---
image_width: 640
image_height: 480
camera_matrix: !!opencv-matrix
  rows: 3
  cols: 3
  dt: d
  data: [556.294351, 0.000000, 310.710859, 0.000000, 557.267071, 261.634356, 0.000000, 0.000000, 1.000000]
distortion_coefficients: !!opencv-matrix
  rows: 1
  cols: 5
  dt: d
  data: [-0.067140, 0.085600, 0.008051, -0.004222, 0.000000]
